4.739771327196630191e-01 -5.352099180588065080e-02 -8.964390491084606172e-01 1.455333698869073489e-01 1.866657765714387074e-01 9.171757024364256272e-02 -4.685683460111342291e-01 -3.788183206766376210e-01 7.027214429124448714e-01 -2.882024660102028846e-01
-3.826739000965233561e-01 -4.303058054549621647e-01 -3.702527083525281593e-01 -7.998935013695351870e-01 -4.970905694035786526e-01 6.419382932439363643e-01 7.336980936493685546e-01 -2.159836602106260106e-01 -4.172382269406356703e-01 3.677868438322821065e-01
2.896780674244031073e-01 2.890479468505819938e-01 -6.162194118177977131e-01 5.116224269374920475e-01 -8.107456488444927944e-02 -4.399523992492562763e-01 7.963104988633509240e-01 -5.081479359271698915e-01 7.943966719576212032e-02 -9.543128457007237220e-01
1.644085989577923346e-01 3.698761022338125093e-01 8.385197063744262991e-01 -1.698379650682385889e-01 5.013147231795338915e-02 4.713119706446778912e-01 6.800216346099662301e-01 -5.138860256470527688e-01 -8.299895839778161089e-02 -4.321712562613513331e-01
-3.612569518912754629e-02 -9.318422772203107662e-01 2.422409793535443556e-01 1.101966302878421566e-01 6.828431530599283761e-01 -7.310901970929095661e-01 -8.200069560341470831e-01 3.646422976659137727e-01 -8.263221026235589850e-01 6.751434511545294503e-01
-6.673283965722314193e-01 7.161171256433331023e-02 4.441838138688881665e-01 6.069521389068646688e-02 1.421018289732189077e-01 1.372827360568751320e-01 -2.167684917710850090e-01 -2.985513488788472114e-01 7.411310473641371521e-01 3.274085223025689495e-01
-2.050616992994895027e-01 -1.309037704715824590e+00 -5.513879377919873592e-01 8.071945902625764502e-01 -3.612398965948201424e-01 -1.864998834704230044e-02 -5.808547287756765654e-02 1.114096423181173273e-01 3.861953485228125094e-01 -1.688388257252048108e-01
7.385606613049962021e-01 7.767786532357889850e-01 -5.006646546562499855e-01 -8.041171930601637152e-01 3.717905344141016200e-02 6.162709761681594012e-01 3.180642078796630523e-01 -1.628633510274966611e-01 -1.075663252186328966e+00 -6.389653485868129756e-02
-2.889863043640722440e-01 -9.194044248482544091e-02 -5.709116847159694252e-01 -5.723503542334498206e-01 2.627724447345810566e-01 -4.028307152531707680e-01 3.071302959841298308e-01 3.917187662717617203e-01 3.221355858014850471e-01 -3.422222887590036788e-01
1.308892920253903469e-01 3.237345212450327692e-01 2.441897204778769315e-01 -5.254823970749848971e-01 8.296001199601241716e-01 -5.369984171975216158e-01 -4.217622304294281754e-01 4.668663202474156171e-02 -5.902769565734260482e-01 7.385287184289381912e-01
